Part 1: 486613012                                                                                  
2906961955 52237479 127158107                                                                                                                                                                          
1600322402 372221628 70478641                                                                                                                                                                          
2347782594 164705568 1312864011                                                                                                                                                                        
541904540 89745770 239072070                                                                                                                                                                           
126821306 192539923 374323335                                                                      
3411274151 496169308 56931769                                                                                                                                                                          
919015581 8667739 4225564962                                                                                                                                                                           
654599767 160781040 942540950                                                                                                                                                                          
3945616935 85197451 1254705509                                                                                                                                                                         
999146581 344584779 197937586             
